3.318911469968319761e-01
3.306775322992522304e-01
3.426295835279070112e-01
3.539876982023482110e-01
3.568840608290314020e-01
3.637871451920283161e-01
3.685363639076041919e-01
3.630750977684954472e-01
3.631623404577790093e-01
3.687566530127328601e-01
4.594371798346120195e-01
4.590196086276103760e-01
4.620322210737323743e-01
4.643570251218190337e-01
4.620422558767154353e-01
4.640341148236064028e-01
4.643739394990303859e-01
4.631560858009600157e-01
4.625141406527814580e-01
4.627647762167290679e-01
1.945408163265306101e+01
1.850145772594752103e+01
1.946647230320699862e+01
2.064868804664723001e+01
2.133965014577259467e+01
2.242055393586005962e+01
2.251676384839650069e+01
2.188265306122448806e+01
2.271938775510204067e+01
2.387900874635568371e+01
