1.889923145208466104e-01
1.899793926506777308e-01
1.916774542853474372e-01
1.937324980079795367e-01
1.949907931373852654e-01
1.947447013644272029e-01
1.949176335902536583e-01
1.958738386719136304e-01
1.966978220579523318e-01
1.974937264342507270e-01
1.531190072309476791e-01
1.498315918298512850e-01
1.486109688970827236e-01
1.474690097732932748e-01
1.463130713141087280e-01
1.459889495510446333e-01
1.451623289481071277e-01
1.449229351619295836e-01
1.444577813081657502e-01
1.437863806201302441e-01
2.293543998822413954e+01
2.310585913457371277e+01
2.316427658565166681e+01
2.352023316333127667e+01
2.332346193358503328e+01
2.332040286527095319e+01
2.345279686932194352e+01
2.356501991049877986e+01
2.357574382731255369e+01
2.422915071974465562e+01
