1.000000000000000000e+01 1.000000000000000000e+01 3.822755191394169305e+00
2.000000000000000000e+01 2.000000000000000000e+01 2.780507485802703904e+00
3.000000000000000000e+01 3.000000000000000000e+01 2.241742643616320141e+00
4.000000000000000000e+01 4.000000000000000000e+01 1.935350828073972851e+00
5.000000000000000000e+01 5.000000000000000000e+01 1.713065991894489715e+00
6.000000000000000000e+01 6.000000000000000000e+01 1.503388777933932552e+00
7.000000000000000000e+01 7.000000000000000000e+01 1.344651711712598452e+00
8.000000000000000000e+01 8.000000000000000000e+01 1.237718451958096821e+00
9.000000000000000000e+01 9.000000000000000000e+01 1.228913421025776831e+00
1.000000000000000000e+02 1.000000000000000000e+02 1.118753797304888220e+00
1.100000000000000000e+02 1.100000000000000000e+02 1.056917075617568536e+00
1.200000000000000000e+02 1.200000000000000000e+02 1.008676670910554352e+00
1.300000000000000000e+02 1.300000000000000000e+02 9.761803666745927366e-01
1.400000000000000000e+02 1.400000000000000000e+02 9.677909313129812174e-01
1.500000000000000000e+02 1.500000000000000000e+02 9.099996311254509029e-01
1.600000000000000000e+02 1.600000000000000000e+02 8.688733533130404973e-01
1.700000000000000000e+02 1.700000000000000000e+02 8.368596915775114997e-01
1.800000000000000000e+02 1.800000000000000000e+02 8.043752345253432079e-01
1.900000000000000000e+02 1.900000000000000000e+02 7.732325151415563314e-01
2.000000000000000000e+02 1.990000000000000000e+02 7.832781675264797183e-01
2.100000000000000000e+02 2.100000000000000000e+02 7.650461157930366074e-01
2.200000000000000000e+02 2.200000000000000000e+02 7.310678005399353641e-01
2.300000000000000000e+02 2.300000000000000000e+02 7.261546896204504886e-01
2.400000000000000000e+02 2.400000000000000000e+02 6.922349612710159139e-01
2.500000000000000000e+02 2.500000000000000000e+02 6.954582451571551527e-01
2.600000000000000000e+02 2.600000000000000000e+02 6.577368543730274242e-01
2.700000000000000000e+02 2.700000000000000000e+02 6.397013901458840079e-01
2.800000000000000000e+02 2.800000000000000000e+02 6.383320366312065230e-01
2.900000000000000000e+02 2.900000000000000000e+02 6.248601693053336126e-01
3.000000000000000000e+02 3.000000000000000000e+02 6.072494084110537926e-01
3.100000000000000000e+02 3.090000000000000000e+02 6.072369198034076598e-01
3.200000000000000000e+02 3.200000000000000000e+02 5.898524771317059656e-01
3.300000000000000000e+02 3.270000000000000000e+02 5.847780496804624306e-01
3.400000000000000000e+02 3.400000000000000000e+02 5.707577237040446505e-01
3.500000000000000000e+02 3.490000000000000000e+02 5.634930694726894007e-01
3.600000000000000000e+02 3.590000000000000000e+02 5.477546121640515242e-01
3.700000000000000000e+02 3.700000000000000000e+02 5.414956510253244870e-01
3.800000000000000000e+02 3.800000000000000000e+02 5.261482975816149654e-01
3.900000000000000000e+02 3.900000000000000000e+02 5.176983971158977127e-01
4.000000000000000000e+02 3.990000000000000000e+02 5.185654391848771860e-01
4.100000000000000000e+02 4.100000000000000000e+02 5.211143462052467701e-01
4.200000000000000000e+02 4.200000000000000000e+02 5.090789480724290383e-01
4.300000000000000000e+02 4.290000000000000000e+02 4.989252510563624288e-01
4.400000000000000000e+02 4.390000000000000000e+02 4.961123240840749626e-01
4.500000000000000000e+02 4.500000000000000000e+02 4.857675315937497462e-01
4.600000000000000000e+02 4.600000000000000000e+02 4.762261639371788147e-01
4.700000000000000000e+02 4.670000000000000000e+02 4.750514630021800411e-01
4.800000000000000000e+02 4.760000000000000000e+02 4.615465753209435085e-01
4.900000000000000000e+02 4.890000000000000000e+02 4.536067279584160006e-01
5.000000000000000000e+02 5.000000000000000000e+02 4.462551070094576966e-01
5.100000000000000000e+02 5.050000000000000000e+02 4.505798843240887419e-01
5.200000000000000000e+02 5.170000000000000000e+02 4.434202470095213178e-01
5.300000000000000000e+02 5.270000000000000000e+02 4.337630464774787642e-01
5.400000000000000000e+02 5.370000000000000000e+02 4.364459062200712336e-01
5.500000000000000000e+02 5.490000000000000000e+02 4.253650004816709740e-01
5.600000000000000000e+02 5.550000000000000000e+02 4.118560390939635663e-01
5.700000000000000000e+02 5.680000000000000000e+02 4.168268988069087633e-01
5.800000000000000000e+02 5.800000000000000000e+02 4.120381787644336602e-01
5.900000000000000000e+02 5.890000000000000000e+02 4.074291209853129203e-01
6.000000000000000000e+02 5.950000000000000000e+02 4.156567702318986757e-01
6.100000000000000000e+02 6.060000000000000000e+02 3.977984731108952787e-01
6.200000000000000000e+02 6.150000000000000000e+02 3.915619479201228326e-01
6.300000000000000000e+02 6.280000000000000000e+02 3.843524467742696071e-01
6.400000000000000000e+02 6.320000000000000000e+02 3.857325651951847845e-01
6.500000000000000000e+02 6.490000000000000000e+02 3.764601256707879595e-01
6.600000000000000000e+02 6.490000000000000000e+02 3.826572623479712609e-01
6.700000000000000000e+02 6.670000000000000000e+02 3.722167011446782525e-01
6.800000000000000000e+02 6.730000000000000000e+02 3.701275049220659752e-01
6.900000000000000000e+02 6.850000000000000000e+02 3.605712453386153982e-01
7.000000000000000000e+02 6.980000000000000000e+02 3.558387963627940853e-01
7.100000000000000000e+02 7.070000000000000000e+02 3.514996447855188721e-01
7.200000000000000000e+02 7.150000000000000000e+02 3.597620714756034066e-01
7.300000000000000000e+02 7.210000000000000000e+02 3.515009261954481490e-01
7.400000000000000000e+02 7.350000000000000000e+02 3.475361010497644565e-01
7.500000000000000000e+02 7.350000000000000000e+02 3.470206711592502824e-01
7.600000000000000000e+02 7.480000000000000000e+02 3.406137177249737857e-01
7.700000000000000000e+02 7.670000000000000000e+02 3.380547282844127976e-01
7.800000000000000000e+02 7.730000000000000000e+02 3.330243560189057317e-01
7.900000000000000000e+02 7.870000000000000000e+02 3.268649474713510861e-01
8.000000000000000000e+02 7.950000000000000000e+02 3.282852348869575443e-01
8.100000000000000000e+02 7.970000000000000000e+02 3.256145798611587150e-01
8.200000000000000000e+02 8.180000000000000000e+02 3.200158174012643353e-01
8.300000000000000000e+02 8.280000000000000000e+02 3.197668238062434942e-01
8.400000000000000000e+02 8.330000000000000000e+02 3.168332632158694651e-01
8.500000000000000000e+02 8.450000000000000000e+02 3.129634230647032611e-01
8.600000000000000000e+02 8.580000000000000000e+02 3.116775402747500867e-01
8.700000000000000000e+02 8.680000000000000000e+02 3.059205888139910345e-01
8.800000000000000000e+02 8.700000000000000000e+02 3.024587403413911968e-01
8.900000000000000000e+02 8.870000000000000000e+02 3.025317176921788476e-01
9.000000000000000000e+02 8.910000000000000000e+02 2.970850862473682352e-01
9.100000000000000000e+02 9.050000000000000000e+02 2.923364020955635523e-01
9.200000000000000000e+02 8.990000000000000000e+02 2.958582988863068808e-01
9.300000000000000000e+02 9.240000000000000000e+02 2.892742058814600226e-01
9.400000000000000000e+02 9.280000000000000000e+02 2.921910311164244156e-01
9.500000000000000000e+02 9.420000000000000000e+02 2.860450493760718915e-01
9.600000000000000000e+02 9.560000000000000000e+02 2.787485071877352505e-01
9.700000000000000000e+02 9.610000000000000000e+02 2.823013176851747463e-01
9.800000000000000000e+02 9.720000000000000000e+02 2.770521957414082692e-01
9.900000000000000000e+02 9.790000000000000000e+02 2.778410641588577312e-01
