1.000000000000000000e+01 1.000000000000000000e+01 1.780993577135595984e+01
1.500000000000000000e+01 1.500000000000000000e+01 1.165747330120696823e+01
2.000000000000000000e+01 2.000000000000000000e+01 8.300021970292018381e+00
2.500000000000000000e+01 2.500000000000000000e+01 6.415391858503318723e+00
3.000000000000000000e+01 3.000000000000000000e+01 5.716834317046402880e+00
3.500000000000000000e+01 3.500000000000000000e+01 5.414009479833319816e+00
4.000000000000000000e+01 4.000000000000000000e+01 4.294957577240751334e+00
4.500000000000000000e+01 4.500000000000000000e+01 3.806667208869435548e+00
5.000000000000000000e+01 5.000000000000000000e+01 3.036447905370062372e+00
5.500000000000000000e+01 5.500000000000000000e+01 3.077907814924679020e+00
6.000000000000000000e+01 6.000000000000000000e+01 2.617912762871016152e+00
6.500000000000000000e+01 6.500000000000000000e+01 2.444211711222506356e+00
7.000000000000000000e+01 7.000000000000000000e+01 2.400148162675352914e+00
7.500000000000000000e+01 7.500000000000000000e+01 2.022833177247201686e+00
8.000000000000000000e+01 8.000000000000000000e+01 1.859883380048789725e+00
8.500000000000000000e+01 8.500000000000000000e+01 1.778191456762338252e+00
9.000000000000000000e+01 9.000000000000000000e+01 1.646133818468344279e+00
9.500000000000000000e+01 9.500000000000000000e+01 1.791644363990019251e+00
1.000000000000000000e+02 1.000000000000000000e+02 1.494673079161690676e+00
1.050000000000000000e+02 1.050000000000000000e+02 1.368404717915007618e+00
1.100000000000000000e+02 1.100000000000000000e+02 1.328737671388868113e+00
1.150000000000000000e+02 1.150000000000000000e+02 1.269307778503297568e+00
1.200000000000000000e+02 1.200000000000000000e+02 1.249149557059329618e+00
1.250000000000000000e+02 1.250000000000000000e+02 1.163758671898690089e+00
1.300000000000000000e+02 1.300000000000000000e+02 1.081194929181992448e+00
1.350000000000000000e+02 1.350000000000000000e+02 1.058355320029289670e+00
1.400000000000000000e+02 1.400000000000000000e+02 1.032294106126713906e+00
1.450000000000000000e+02 1.450000000000000000e+02 9.611592241395818803e-01
1.500000000000000000e+02 1.500000000000000000e+02 9.567338114624367451e-01
1.550000000000000000e+02 1.550000000000000000e+02 9.301899248920518781e-01
1.600000000000000000e+02 1.600000000000000000e+02 9.537126036767389348e-01
1.650000000000000000e+02 1.650000000000000000e+02 8.532087156914339721e-01
1.700000000000000000e+02 1.700000000000000000e+02 8.194247755595126526e-01
1.750000000000000000e+02 1.750000000000000000e+02 8.424507194716467362e-01
1.800000000000000000e+02 1.790000000000000000e+02 7.932466668963094047e-01
1.850000000000000000e+02 1.840000000000000000e+02 8.049230376560004840e-01
1.900000000000000000e+02 1.900000000000000000e+02 7.205149913744842705e-01
1.950000000000000000e+02 1.950000000000000000e+02 7.691754998445631264e-01
2.000000000000000000e+02 2.000000000000000000e+02 7.281289776744679365e-01
2.050000000000000000e+02 2.050000000000000000e+02 7.064887924579719147e-01
2.100000000000000000e+02 2.100000000000000000e+02 6.765339300357030572e-01
2.150000000000000000e+02 2.150000000000000000e+02 6.557857189401914422e-01
2.200000000000000000e+02 2.200000000000000000e+02 6.160059267798037030e-01
2.250000000000000000e+02 2.250000000000000000e+02 6.587392138086342053e-01
2.300000000000000000e+02 2.300000000000000000e+02 6.044490889809787104e-01
2.350000000000000000e+02 2.350000000000000000e+02 5.907538922787294311e-01
2.400000000000000000e+02 2.400000000000000000e+02 5.519664630123934934e-01
2.450000000000000000e+02 2.450000000000000000e+02 5.741757402106095753e-01
2.500000000000000000e+02 2.500000000000000000e+02 5.447497331107721275e-01
2.550000000000000000e+02 2.550000000000000000e+02 5.337782047480054137e-01
2.600000000000000000e+02 2.600000000000000000e+02 5.173768309252467779e-01
2.650000000000000000e+02 2.650000000000000000e+02 5.185789750290361599e-01
2.700000000000000000e+02 2.690000000000000000e+02 5.085838438217211710e-01
2.750000000000000000e+02 2.750000000000000000e+02 4.880738679650294953e-01
2.800000000000000000e+02 2.800000000000000000e+02 4.727279736265607712e-01
2.850000000000000000e+02 2.850000000000000000e+02 4.714508413724728952e-01
2.900000000000000000e+02 2.900000000000000000e+02 4.653165634626750813e-01
2.950000000000000000e+02 2.950000000000000000e+02 4.464537549629496449e-01
3.000000000000000000e+02 3.000000000000000000e+02 4.564405308905846725e-01
3.050000000000000000e+02 3.050000000000000000e+02 4.482463940856215023e-01
3.100000000000000000e+02 3.080000000000000000e+02 4.293328188022351721e-01
3.150000000000000000e+02 3.150000000000000000e+02 4.155743874224001599e-01
3.200000000000000000e+02 3.190000000000000000e+02 4.068337322821798940e-01
3.250000000000000000e+02 3.250000000000000000e+02 4.008236162559235538e-01
3.300000000000000000e+02 3.290000000000000000e+02 3.936310928324716074e-01
3.350000000000000000e+02 3.350000000000000000e+02 3.784842907633728659e-01
3.400000000000000000e+02 3.400000000000000000e+02 4.068373982700728697e-01
3.450000000000000000e+02 3.430000000000000000e+02 3.886988150226513561e-01
3.500000000000000000e+02 3.500000000000000000e+02 3.700459047373863553e-01
3.550000000000000000e+02 3.550000000000000000e+02 3.702514644287995260e-01
3.600000000000000000e+02 3.600000000000000000e+02 3.567015772862012768e-01
3.650000000000000000e+02 3.650000000000000000e+02 3.515440508056621449e-01
3.700000000000000000e+02 3.690000000000000000e+02 3.542474627996610170e-01
3.750000000000000000e+02 3.710000000000000000e+02 3.469623487261767059e-01
3.800000000000000000e+02 3.790000000000000000e+02 3.372284985187614659e-01
3.850000000000000000e+02 3.850000000000000000e+02 3.381956776561990119e-01
3.900000000000000000e+02 3.890000000000000000e+02 3.347210592312119259e-01
3.950000000000000000e+02 3.920000000000000000e+02 3.391181476536890838e-01
4.000000000000000000e+02 3.990000000000000000e+02 3.303923096912482205e-01
4.050000000000000000e+02 4.050000000000000000e+02 3.173522827338117747e-01
4.100000000000000000e+02 4.100000000000000000e+02 3.030231923997448451e-01
4.150000000000000000e+02 4.140000000000000000e+02 3.133936511544602177e-01
4.200000000000000000e+02 4.190000000000000000e+02 3.097447372222508211e-01
4.250000000000000000e+02 4.240000000000000000e+02 2.874834361883290557e-01
4.300000000000000000e+02 4.280000000000000000e+02 3.151741023017330945e-01
4.350000000000000000e+02 4.350000000000000000e+02 2.800784835686996876e-01
4.400000000000000000e+02 4.400000000000000000e+02 2.805683559300915508e-01
4.450000000000000000e+02 4.440000000000000000e+02 2.701835273878547272e-01
4.500000000000000000e+02 4.500000000000000000e+02 2.828095038015928653e-01
4.550000000000000000e+02 4.550000000000000000e+02 2.836806725600112822e-01
4.600000000000000000e+02 4.600000000000000000e+02 2.742300489605619673e-01
4.650000000000000000e+02 4.630000000000000000e+02 2.722156864189593239e-01
4.700000000000000000e+02 4.690000000000000000e+02 2.695241754812418566e-01
4.750000000000000000e+02 4.690000000000000000e+02 2.661242983125896577e-01
4.800000000000000000e+02 4.780000000000000000e+02 2.562558505810317300e-01
4.850000000000000000e+02 4.810000000000000000e+02 2.652833496383796286e-01
4.900000000000000000e+02 4.860000000000000000e+02 2.414175851848311405e-01
4.950000000000000000e+02 4.910000000000000000e+02 2.472210267599533329e-01
