1.000000000000000000e+01 1.000000000000000000e+01 4.119211072089413506e+00
2.000000000000000000e+01 2.000000000000000000e+01 2.502638499403208261e+00
3.000000000000000000e+01 3.000000000000000000e+01 2.232400904773720551e+00
4.000000000000000000e+01 4.000000000000000000e+01 1.886242190686118647e+00
5.000000000000000000e+01 5.000000000000000000e+01 1.630506895057889372e+00
6.000000000000000000e+01 6.000000000000000000e+01 1.512001971715200455e+00
7.000000000000000000e+01 7.000000000000000000e+01 1.363518170027883780e+00
8.000000000000000000e+01 8.000000000000000000e+01 1.284513077237627199e+00
9.000000000000000000e+01 9.000000000000000000e+01 1.199139096254641101e+00
1.000000000000000000e+02 1.000000000000000000e+02 1.130067040150820379e+00
1.100000000000000000e+02 1.100000000000000000e+02 1.044665690156890259e+00
1.200000000000000000e+02 1.200000000000000000e+02 1.017362595132385028e+00
1.300000000000000000e+02 1.300000000000000000e+02 1.006705755144500669e+00
1.400000000000000000e+02 1.400000000000000000e+02 9.398496412326217131e-01
1.500000000000000000e+02 1.500000000000000000e+02 9.123945696703699149e-01
1.600000000000000000e+02 1.600000000000000000e+02 8.763267919306958476e-01
1.700000000000000000e+02 1.700000000000000000e+02 8.667304500657437849e-01
1.800000000000000000e+02 1.800000000000000000e+02 8.240193385224321432e-01
1.900000000000000000e+02 1.900000000000000000e+02 7.927186123702959497e-01
2.000000000000000000e+02 2.000000000000000000e+02 7.721204018495395616e-01
2.100000000000000000e+02 2.100000000000000000e+02 7.665814887467475858e-01
2.200000000000000000e+02 2.200000000000000000e+02 7.174346628818679683e-01
2.300000000000000000e+02 2.300000000000000000e+02 6.999580119636676923e-01
2.400000000000000000e+02 2.400000000000000000e+02 6.937071453198940807e-01
2.500000000000000000e+02 2.500000000000000000e+02 6.907851924780354924e-01
2.600000000000000000e+02 2.600000000000000000e+02 6.955160843429475381e-01
2.700000000000000000e+02 2.700000000000000000e+02 6.498399613718349732e-01
2.800000000000000000e+02 2.800000000000000000e+02 6.441886256703497349e-01
2.900000000000000000e+02 2.890000000000000000e+02 6.235671515989055225e-01
3.000000000000000000e+02 3.000000000000000000e+02 6.028079014080492959e-01
3.100000000000000000e+02 3.100000000000000000e+02 6.047488089992301141e-01
3.200000000000000000e+02 3.200000000000000000e+02 5.867607395132157233e-01
3.300000000000000000e+02 3.300000000000000000e+02 5.852492439007259684e-01
3.400000000000000000e+02 3.390000000000000000e+02 5.636967238796434243e-01
3.500000000000000000e+02 3.500000000000000000e+02 5.608880322699228982e-01
3.600000000000000000e+02 3.580000000000000000e+02 5.541803435076193551e-01
3.700000000000000000e+02 3.670000000000000000e+02 5.389322300054398829e-01
3.800000000000000000e+02 3.800000000000000000e+02 5.292246174146931770e-01
3.900000000000000000e+02 3.900000000000000000e+02 5.260954155876970129e-01
4.000000000000000000e+02 3.990000000000000000e+02 5.139784958451200092e-01
4.100000000000000000e+02 4.100000000000000000e+02 5.128077949856364448e-01
4.200000000000000000e+02 4.200000000000000000e+02 4.989747140854827734e-01
4.300000000000000000e+02 4.270000000000000000e+02 4.961231151155667818e-01
4.400000000000000000e+02 4.390000000000000000e+02 4.998581331536037231e-01
4.500000000000000000e+02 4.500000000000000000e+02 4.899283722343280578e-01
4.600000000000000000e+02 4.570000000000000000e+02 4.733728953287169583e-01
4.700000000000000000e+02 4.700000000000000000e+02 4.740449311258355669e-01
4.800000000000000000e+02 4.800000000000000000e+02 4.609498779573333316e-01
4.900000000000000000e+02 4.860000000000000000e+02 4.538549229401954710e-01
5.000000000000000000e+02 5.000000000000000000e+02 4.527109979645118631e-01
5.100000000000000000e+02 5.100000000000000000e+02 4.458462343460596333e-01
5.200000000000000000e+02 5.180000000000000000e+02 4.324808958617991639e-01
5.300000000000000000e+02 5.300000000000000000e+02 4.368217031860247013e-01
5.400000000000000000e+02 5.400000000000000000e+02 4.297276722212964861e-01
5.500000000000000000e+02 5.500000000000000000e+02 4.234297760991205251e-01
5.600000000000000000e+02 5.580000000000000000e+02 4.234536805318076524e-01
5.700000000000000000e+02 5.700000000000000000e+02 4.097025965246674506e-01
5.800000000000000000e+02 5.780000000000000000e+02 4.108955422613098096e-01
5.900000000000000000e+02 5.840000000000000000e+02 4.062905452037482990e-01
6.000000000000000000e+02 5.970000000000000000e+02 4.010765668365360304e-01
6.100000000000000000e+02 6.080000000000000000e+02 3.989907862819562223e-01
6.200000000000000000e+02 6.190000000000000000e+02 3.923212828325864932e-01
6.300000000000000000e+02 6.290000000000000000e+02 3.901700663343253828e-01
6.400000000000000000e+02 6.380000000000000000e+02 3.862656884268679258e-01
6.500000000000000000e+02 6.490000000000000000e+02 3.780623119709575763e-01
6.600000000000000000e+02 6.550000000000000000e+02 3.724350804693072892e-01
6.700000000000000000e+02 6.680000000000000000e+02 3.693141632790715168e-01
6.800000000000000000e+02 6.750000000000000000e+02 3.728306947658252546e-01
6.900000000000000000e+02 6.900000000000000000e+02 3.613857746730450016e-01
7.000000000000000000e+02 6.940000000000000000e+02 3.601241271431377955e-01
7.100000000000000000e+02 7.100000000000000000e+02 3.498361843480450872e-01
7.200000000000000000e+02 7.190000000000000000e+02 3.525487554241130694e-01
7.300000000000000000e+02 7.300000000000000000e+02 3.531429086542143270e-01
7.400000000000000000e+02 7.350000000000000000e+02 3.510435439362424304e-01
7.500000000000000000e+02 7.490000000000000000e+02 3.404027886142785286e-01
7.600000000000000000e+02 7.540000000000000000e+02 3.376823670006010025e-01
7.700000000000000000e+02 7.670000000000000000e+02 3.363125486951604182e-01
7.800000000000000000e+02 7.780000000000000000e+02 3.308489812917060902e-01
7.900000000000000000e+02 7.780000000000000000e+02 3.314301776409064315e-01
8.000000000000000000e+02 7.920000000000000000e+02 3.272419407692511162e-01
8.100000000000000000e+02 8.070000000000000000e+02 3.209765260862895153e-01
8.200000000000000000e+02 8.150000000000000000e+02 3.207380591667006176e-01
8.300000000000000000e+02 8.250000000000000000e+02 3.185272432825274613e-01
8.400000000000000000e+02 8.390000000000000000e+02 3.118795767419403342e-01
8.500000000000000000e+02 8.450000000000000000e+02 3.118367815515888375e-01
8.600000000000000000e+02 8.550000000000000000e+02 3.072610803500747667e-01
8.700000000000000000e+02 8.650000000000000000e+02 3.038660792702679858e-01
8.800000000000000000e+02 8.770000000000000000e+02 3.035520090173207119e-01
8.900000000000000000e+02 8.860000000000000000e+02 3.005903872246955544e-01
9.000000000000000000e+02 8.960000000000000000e+02 3.014450212148945818e-01
9.100000000000000000e+02 9.070000000000000000e+02 2.975857192450735988e-01
9.200000000000000000e+02 9.120000000000000000e+02 2.972799922531154659e-01
9.300000000000000000e+02 9.250000000000000000e+02 2.901114182022146437e-01
9.400000000000000000e+02 9.340000000000000000e+02 2.839477331876202326e-01
9.500000000000000000e+02 9.470000000000000000e+02 2.853397181328736210e-01
9.600000000000000000e+02 9.500000000000000000e+02 2.808426027254801172e-01
9.700000000000000000e+02 9.480000000000000000e+02 2.822414420674450586e-01
9.800000000000000000e+02 9.700000000000000000e+02 2.810378003549354187e-01
9.900000000000000000e+02 9.840000000000000000e+02 2.726938554861961794e-01
