2.000000000000000000e+01 2.000000000000000000e+01 2.964530655067089793e+00
2.500000000000000000e+01 2.500000000000000000e+01 2.442936334602823223e+00
3.000000000000000000e+01 3.000000000000000000e+01 2.237435881685455374e+00
3.500000000000000000e+01 3.500000000000000000e+01 1.996668125448105346e+00
4.000000000000000000e+01 4.000000000000000000e+01 1.863212463103909311e+00
4.500000000000000000e+01 4.500000000000000000e+01 1.983058317674076365e+00
5.000000000000000000e+01 5.000000000000000000e+01 1.606676782197507203e+00
5.500000000000000000e+01 5.500000000000000000e+01 1.575538876816900524e+00
6.000000000000000000e+01 6.000000000000000000e+01 1.511000415128143093e+00
6.500000000000000000e+01 6.500000000000000000e+01 1.509610912000378447e+00
7.000000000000000000e+01 7.000000000000000000e+01 1.326686454475789034e+00
7.500000000000000000e+01 7.500000000000000000e+01 1.337846168101385791e+00
8.000000000000000000e+01 8.000000000000000000e+01 1.294879859135414257e+00
8.500000000000000000e+01 8.500000000000000000e+01 1.253802152429964512e+00
9.000000000000000000e+01 9.000000000000000000e+01 1.143353415930448369e+00
9.500000000000000000e+01 9.500000000000000000e+01 1.141000055476443453e+00
1.000000000000000000e+02 1.000000000000000000e+02 1.198962934692305415e+00
1.050000000000000000e+02 1.050000000000000000e+02 1.077426082699736165e+00
1.100000000000000000e+02 1.100000000000000000e+02 1.081765676469464088e+00
1.150000000000000000e+02 1.150000000000000000e+02 1.036231275689250664e+00
1.200000000000000000e+02 1.200000000000000000e+02 1.038311569854269090e+00
1.250000000000000000e+02 1.250000000000000000e+02 9.939229758450702779e-01
1.300000000000000000e+02 1.300000000000000000e+02 9.554973966231283811e-01
1.350000000000000000e+02 1.350000000000000000e+02 9.537587942888989812e-01
1.400000000000000000e+02 1.400000000000000000e+02 9.171793952354685420e-01
1.450000000000000000e+02 1.450000000000000000e+02 9.322581961962749242e-01
1.500000000000000000e+02 1.500000000000000000e+02 8.962229836675765782e-01
1.550000000000000000e+02 1.550000000000000000e+02 8.822814842192723273e-01
1.600000000000000000e+02 1.600000000000000000e+02 8.641824909169798508e-01
1.650000000000000000e+02 1.650000000000000000e+02 9.135633381430864342e-01
1.700000000000000000e+02 1.700000000000000000e+02 8.291659539885096741e-01
1.750000000000000000e+02 1.750000000000000000e+02 8.351746922855030064e-01
1.800000000000000000e+02 1.800000000000000000e+02 8.257123943179159875e-01
1.850000000000000000e+02 1.850000000000000000e+02 7.921519405999842833e-01
1.900000000000000000e+02 1.900000000000000000e+02 7.948961998945516250e-01
1.950000000000000000e+02 1.950000000000000000e+02 7.741268018729436928e-01
