1.000000000000000000e+01 8.000000000000000000e+00 5.183247925241625254e+00
2.000000000000000000e+01 1.600000000000000000e+01 2.906242482617931167e+00
3.000000000000000000e+01 1.700000000000000000e+01 3.113243829800490747e+00
4.000000000000000000e+01 2.500000000000000000e+01 2.308972801225845473e+00
5.000000000000000000e+01 2.500000000000000000e+01 2.339817647131954725e+00
6.000000000000000000e+01 3.500000000000000000e+01 2.026779955014699652e+00
7.000000000000000000e+01 2.900000000000000000e+01 2.254943355911724012e+00
8.000000000000000000e+01 4.300000000000000000e+01 1.946164197547786134e+00
9.000000000000000000e+01 3.700000000000000000e+01 1.916304893730273573e+00
1.000000000000000000e+02 4.000000000000000000e+01 1.882501614448224281e+00
1.100000000000000000e+02 4.800000000000000000e+01 1.649381573641548249e+00
1.200000000000000000e+02 4.700000000000000000e+01 1.691424704337957774e+00
1.300000000000000000e+02 4.500000000000000000e+01 1.685812079688096432e+00
1.400000000000000000e+02 5.000000000000000000e+01 1.642924871532718045e+00
1.500000000000000000e+02 5.400000000000000000e+01 1.619378250303997957e+00
1.600000000000000000e+02 6.800000000000000000e+01 1.368616061253558058e+00
1.700000000000000000e+02 6.300000000000000000e+01 1.527647841136952733e+00
1.800000000000000000e+02 6.400000000000000000e+01 1.443798437383163380e+00
1.900000000000000000e+02 6.900000000000000000e+01 1.370425924297992371e+00
2.000000000000000000e+02 7.000000000000000000e+01 1.407323611843497080e+00
2.100000000000000000e+02 6.600000000000000000e+01 1.442860417834477715e+00
2.200000000000000000e+02 6.400000000000000000e+01 1.518410335080404350e+00
2.300000000000000000e+02 7.800000000000000000e+01 1.325577769938447670e+00
2.400000000000000000e+02 8.200000000000000000e+01 1.256928741820495299e+00
2.500000000000000000e+02 8.700000000000000000e+01 1.216354513176533869e+00
2.600000000000000000e+02 9.200000000000000000e+01 1.224109346960077449e+00
2.700000000000000000e+02 8.100000000000000000e+01 1.325535439703481533e+00
2.800000000000000000e+02 8.000000000000000000e+01 1.328925048159363742e+00
2.900000000000000000e+02 8.600000000000000000e+01 1.235751228250768330e+00
3.000000000000000000e+02 9.200000000000000000e+01 1.234691632978173637e+00
3.100000000000000000e+02 9.300000000000000000e+01 1.159497324904106952e+00
3.200000000000000000e+02 9.100000000000000000e+01 1.160832417044246556e+00
3.300000000000000000e+02 8.800000000000000000e+01 1.215238417239390634e+00
3.400000000000000000e+02 9.000000000000000000e+01 1.152195483372534301e+00
3.500000000000000000e+02 9.600000000000000000e+01 1.141729397250386357e+00
3.600000000000000000e+02 1.080000000000000000e+02 1.104157627091844729e+00
3.700000000000000000e+02 1.150000000000000000e+02 1.075071583426409960e+00
3.800000000000000000e+02 1.040000000000000000e+02 1.107224997981738790e+00
3.900000000000000000e+02 1.130000000000000000e+02 1.088831137810296834e+00
4.000000000000000000e+02 1.180000000000000000e+02 1.045077359316012755e+00
4.100000000000000000e+02 1.190000000000000000e+02 1.031393591515693098e+00
4.200000000000000000e+02 1.100000000000000000e+02 1.109755246107000382e+00
4.300000000000000000e+02 1.270000000000000000e+02 9.746117829066032190e-01
4.400000000000000000e+02 1.160000000000000000e+02 1.043096372122424009e+00
4.500000000000000000e+02 1.100000000000000000e+02 1.072658600669784024e+00
4.600000000000000000e+02 1.200000000000000000e+02 1.061071395163187381e+00
4.700000000000000000e+02 1.220000000000000000e+02 1.020502245836887090e+00
4.800000000000000000e+02 1.330000000000000000e+02 9.707813284612870630e-01
4.900000000000000000e+02 1.180000000000000000e+02 1.031183455189885745e+00
5.000000000000000000e+02 1.420000000000000000e+02 9.304240162101288236e-01
5.100000000000000000e+02 1.310000000000000000e+02 1.005408239093342093e+00
5.200000000000000000e+02 1.440000000000000000e+02 9.183290544597779714e-01
5.300000000000000000e+02 1.310000000000000000e+02 9.865709190594352807e-01
5.400000000000000000e+02 1.360000000000000000e+02 9.543017532337839670e-01
5.500000000000000000e+02 1.260000000000000000e+02 1.009411386898417806e+00
5.600000000000000000e+02 1.390000000000000000e+02 9.272766405341170692e-01
5.700000000000000000e+02 1.490000000000000000e+02 9.224249701368629761e-01
5.800000000000000000e+02 1.510000000000000000e+02 9.092705308705981704e-01
5.900000000000000000e+02 1.540000000000000000e+02 9.199040222416444701e-01
6.000000000000000000e+02 1.630000000000000000e+02 8.910266382312396205e-01
6.100000000000000000e+02 1.480000000000000000e+02 9.105056148340407995e-01
6.200000000000000000e+02 1.590000000000000000e+02 8.920262654818115200e-01
6.300000000000000000e+02 1.540000000000000000e+02 9.072937883757175026e-01
6.400000000000000000e+02 1.720000000000000000e+02 8.486424303766778587e-01
6.500000000000000000e+02 1.490000000000000000e+02 8.969810052817548396e-01
6.600000000000000000e+02 1.960000000000000000e+02 7.991748684439374806e-01
6.700000000000000000e+02 1.600000000000000000e+02 8.941541175884188952e-01
6.800000000000000000e+02 1.660000000000000000e+02 8.907502584005735358e-01
6.900000000000000000e+02 1.720000000000000000e+02 8.409821201289898740e-01
7.000000000000000000e+02 1.960000000000000000e+02 8.011264303320694280e-01
7.100000000000000000e+02 1.660000000000000000e+02 8.646007759316983732e-01
7.200000000000000000e+02 1.820000000000000000e+02 8.195753559209262296e-01
7.300000000000000000e+02 1.740000000000000000e+02 8.160978893160651948e-01
7.400000000000000000e+02 1.650000000000000000e+02 8.568531412679992743e-01
7.500000000000000000e+02 1.880000000000000000e+02 7.991172453974383361e-01
7.600000000000000000e+02 1.600000000000000000e+02 8.963835952829616316e-01
7.700000000000000000e+02 1.890000000000000000e+02 8.103672409438253954e-01
7.800000000000000000e+02 1.910000000000000000e+02 7.961274556778076272e-01
7.900000000000000000e+02 1.830000000000000000e+02 8.122765921902967978e-01
8.000000000000000000e+02 1.780000000000000000e+02 8.463027003982562801e-01
8.100000000000000000e+02 1.870000000000000000e+02 8.103274690498567523e-01
8.200000000000000000e+02 1.890000000000000000e+02 8.092760755222626612e-01
8.300000000000000000e+02 1.770000000000000000e+02 8.600326435164600269e-01
8.400000000000000000e+02 1.990000000000000000e+02 7.753842904934781233e-01
8.500000000000000000e+02 2.030000000000000000e+02 7.621002097514416596e-01
8.600000000000000000e+02 1.980000000000000000e+02 7.955640081786599094e-01
8.700000000000000000e+02 1.990000000000000000e+02 8.161581316111589102e-01
8.800000000000000000e+02 2.010000000000000000e+02 7.974660393889347887e-01
8.900000000000000000e+02 2.070000000000000000e+02 7.635149206454807658e-01
9.000000000000000000e+02 2.110000000000000000e+02 7.458170982590865972e-01
9.100000000000000000e+02 2.020000000000000000e+02 8.167296368008152285e-01
9.200000000000000000e+02 1.980000000000000000e+02 7.674071321944475610e-01
9.300000000000000000e+02 2.110000000000000000e+02 7.429956376856119427e-01
9.400000000000000000e+02 1.820000000000000000e+02 8.381979882110143221e-01
9.500000000000000000e+02 2.310000000000000000e+02 7.226122381598845124e-01
9.600000000000000000e+02 2.160000000000000000e+02 7.625654115018867252e-01
9.700000000000000000e+02 2.160000000000000000e+02 7.246700504901826267e-01
9.800000000000000000e+02 2.060000000000000000e+02 7.860692789371299671e-01
9.900000000000000000e+02 2.300000000000000000e+02 7.313753594297864868e-01
