4.395796847635726756e-01
4.244741873804971366e-01
3.760831889081455714e-01
6.239168110918543730e-01
5.614457831325301296e-01
4.962779156327543628e-01
4.741144414168937393e-01
4.591549295774647876e-01
4.523076923076922995e-01
4.525316455696202778e-01
4.972527472527472625e-01
5.065274151436031103e-01
4.540229885057471271e-01
4.447949526813880228e-01
4.258064516129032029e-01
4.189189189189189144e-01
4.565217391304347561e-01
4.551971326164874765e-01
4.856115107913668849e-01
4.398340248962655519e-01
3.828828828828828579e-01
5.253623188405797118e-01
5.000000000000000000e-01
5.128755364806867334e-01
5.142857142857142350e-01
5.000000000000000000e-01
5.093283582089552786e-01
5.185950413223140432e-01
5.135135135135134865e-01
5.112219451371571299e-01
5.205479452054794232e-01
5.135135135135134865e-01
5.133928571428570953e-01
4.975247524752475226e-01
4.866310160427807507e-01
4.906716417910447769e-01
4.814049586776859568e-01
4.864864864864865135e-01
4.887780548628428701e-01
4.794520547945205213e-01
4.864864864864865135e-01
4.866071428571428492e-01
5.024752475247524774e-01
5.133689839572193048e-01
5.325301204819277157e-01
5.000000000000000000e-01
4.963144963144963118e-01
4.938271604938271331e-01
5.243902439024390461e-01
4.955156950672645610e-01
4.314606741573033810e-01
4.051172707889125757e-01
4.086956521739130710e-01
4.132762312633833091e-01
4.043062200956937802e-01
4.520202020202020443e-01
4.330143540669856295e-01
4.070588235294117507e-01
4.198473282442747867e-01
4.693333333333333246e-01
5.306666666666666199e-01
6.327272727272726938e-01
5.766283524904214364e-01
5.861386138613861041e-01
5.652173913043477826e-01
5.762711864406779849e-01
5.582524271844659935e-01
5.866666666666666696e-01
5.890052356020942792e-01
5.793450881612091097e-01
5.833333333333333703e-01
6.062322946175637828e-01
4.166666666666666852e-01
3.937677053824362727e-01
5.012853470437017567e-01
4.957746478873239493e-01
4.987146529562981878e-01
5.042253521126760507e-01
