5.471081464812883877e-02
5.676234890954010015e-02
5.772381254881452095e-02
5.862885730180590615e-02
5.962970689021476062e-02
5.989184117248082251e-02
5.932584999630723110e-02
5.922390895468125638e-02
5.988031341442896088e-02
4.728910535337852578e-02
4.647752576256564822e-02
4.641026668019766072e-02
4.576889759271428326e-02
4.490046133289331276e-02
8.361707467400406046e-02
7.850014017584494574e-02
7.839227392854734855e-02
7.800955089371910955e-02
7.743575490798927652e-02
7.705444579410061778e-02
7.616650150284855203e-02
7.545767740412145930e-02
7.468501615710618213e-02
7.424930678341616630e-02
7.356879322342330108e-02
7.296304947305379263e-02
7.235675245666549349e-02
7.170323111405577099e-02
7.124994689905948808e-02
7.030615160276010300e-02
6.970526612050462201e-02
6.915786500462287045e-02
6.892524145168854588e-02
6.881201731966070378e-02
3.425150687133327665e+01
3.435919794261833715e+01
3.363147954673310380e+01
3.478365345977658052e+01
3.603829462348308255e+01
3.690958772000321630e+01
3.855424736799807306e+01
4.138471429719520955e+01
4.297484529454311541e+01
4.383942779072570772e+01
