2.002274111211941876e-01
2.018142565114363629e-01
2.024748557361839840e-01
2.030009231369518941e-01
2.041107596336647623e-01
2.044734025963122481e-01
2.037782469275017105e-01
2.030550327362849738e-01
2.028861711536685819e-01
1.817732647753880493e-01
1.794704029844582382e-01
1.793246476770327669e-01
1.776383149011940832e-01
1.767360725626788420e-01
1.655398338216044207e-01
1.588367490663041004e-01
1.574265677787634599e-01
1.557294237129264736e-01
1.540357691227910442e-01
1.533620008741435337e-01
1.519625700950430758e-01
1.512673136180746059e-01
1.512976707497595275e-01
1.507182204906752643e-01
1.500989011903665071e-01
1.494446139113146388e-01
1.497528118056736801e-01
1.494259764491106812e-01
1.493072090475095481e-01
1.481372717571956266e-01
1.472015843503476917e-01
1.466432151920317173e-01
1.467402179985897448e-01
1.473764412068162000e-01
2.371914075106476716e+01
2.346511954267247191e+01
2.350799407731260615e+01
2.368296928692097225e+01
2.380778268051595603e+01
2.373291487762017837e+01
2.439881860572712569e+01
2.653424526070092426e+01
2.689441543925560651e+01
3.095350187048227397e+01
